  
 ========================================
 ==== Testing Dsygvic Against Dsygv =====
 ========================================
 H1                              
   2.521   0.901   0.041  -0.667   0.237  -0.138   0.141   0.888   0.479   0.052
   0.901   2.100  -0.258  -0.337  -0.685   0.960   0.002   0.800  -0.332   0.094
   0.041  -0.258   0.981  -1.844  -0.255  -1.005   1.691  -0.430   0.224   0.641
  -0.667  -0.337  -1.844   0.416   0.347  -0.655   0.704   0.165   0.279   0.959
   0.237  -0.685  -0.255   0.347   1.168  -1.659  -0.660   0.577  -0.782  -0.196
  -0.138   0.960  -1.005  -0.655  -1.659   0.822  -0.167  -0.528  -0.690   0.136
   0.141   0.002   1.691   0.704  -0.660  -0.167   1.293  -0.558  -0.397  -0.615
   0.888   0.800  -0.430   0.165   0.577  -0.528  -0.558  -0.650   1.018  -0.114
   0.479  -0.332   0.224   0.279  -0.782  -0.690  -0.397   1.018   1.011  -0.889
   0.052   0.094   0.641   0.959  -0.196   0.136  -0.615  -0.114  -0.889   0.338
 ----------------------------------------
 S1                              
   1.565  -0.316   0.260  -0.099   0.081  -0.080   0.321  -0.168  -0.060   0.003
  -0.316   1.534  -0.016   0.334   0.232  -0.145   0.065   0.209   0.163   0.131
   0.260  -0.016   1.582  -0.193   0.228  -0.113   0.054  -0.038  -0.173   0.519
  -0.099   0.334  -0.193   1.875  -0.311  -0.206   0.487   0.162   0.228   0.334
   0.081   0.232   0.228  -0.311   1.845   0.182   0.049  -0.254  -0.188  -0.185
  -0.080  -0.145  -0.113  -0.206   0.182   1.565  -0.115  -0.534  -0.377  -0.020
   0.321   0.065   0.054   0.487   0.049  -0.115   1.762   0.112  -0.329   0.229
  -0.168   0.209  -0.038   0.162  -0.254  -0.534   0.112   1.875  -0.033  -0.001
  -0.060   0.163  -0.173   0.228  -0.188  -0.377  -0.329  -0.033   2.216  -0.400
   0.003   0.131   0.519   0.334  -0.185  -0.020   0.229  -0.001  -0.400   2.180
 ----------------------------------------
 dsygvic
  Info:           0
  Number of eigvals:          10
  Case number:           1
  Running time:   0.00000000     (seconds)
  dsygvic residual:   7.3187847115362607E-017
  dsygvic b-orthog:   2.3756096285204085E-016
 ----------------------------------------
 dsygv
  Info:           0
  Running time:   0.00000000     (seconds)
  dsygv residual:   5.4795542825327944E-017
  dsygv b-orthog:   2.4103123398486457E-016
 -----------eig dsygvic------------------
   -0.300000000000000000000000000000E+01
   -0.123281581181832877724957597820E+01
   -0.843696685340493357507796190475E+00
    0.314699865354822916341248628669E+00
    0.415958005029311517208867599038E+00
    0.636517270414276303824863134651E+00
    0.822569864193779642924653217051E+00
    0.172581288290472723012669575837E+01
    0.316095460926190696682169800624E+01
    0.400000000000000177635683940025E+01
 -----------eig dsygv--------------------
   -0.299999999999999866773237044981E+01
   -0.123281581181832988747260060336E+01
   -0.843696685340492358307074027834E+00
    0.314699865354822527763190009864E+00
    0.415958005029310906586204055202E+00
    0.636517270414276303824863134651E+00
    0.822569864193779975991560604598E+00
    0.172581288290472678603748590831E+01
    0.316095460926190563455406845605E+01
    0.400000000000000000000000000000E+01
