  
 ========================================
 ==== Testing Dsygvic Against Dsygv =====
 ========================================
 H5                              
   2.248   1.088   0.206  -0.747   0.102  -0.193  -0.035   0.659   0.516   0.203
   1.088   1.955  -0.387  -0.265  -0.557   1.050   0.061   0.993  -0.320   0.055
   0.206  -0.387   0.866  -1.779  -0.138  -0.920   1.736  -0.257   0.238   0.615
  -0.747  -0.265  -1.779   0.374   0.270  -0.727   0.719   0.060   0.251   0.932
   0.102  -0.557  -0.138   0.270   1.021  -1.805  -0.606   0.384  -0.847  -0.270
  -0.193   1.050  -0.920  -0.727  -1.805   0.636   0.007  -0.691  -0.806  -0.055
  -0.035   0.061   1.736   0.719  -0.606   0.007   0.927  -0.566  -0.226  -0.251
   0.659   0.993  -0.257   0.060   0.384  -0.691  -0.566  -0.920   0.967  -0.134
   0.516  -0.320   0.238   0.251  -0.847  -0.806  -0.226   0.967   0.920  -1.065
   0.203   0.055   0.615   0.932  -0.270  -0.055  -0.251  -0.134  -1.065  -0.028
 ----------------------------------------
 S5                              
   0.877   0.371   0.521  -0.151   0.288  -0.166  -0.024  -0.206  -0.057   0.340
   0.371   0.571  -0.225   0.092  -0.104   0.213  -0.015  -0.189   0.309  -0.140
   0.521  -0.225   1.424  -0.182   0.383  -0.015   0.168   0.127  -0.207   0.340
  -0.151   0.092  -0.182   0.923   0.170   0.271  -0.067  -0.550   0.079  -0.376
   0.288  -0.104   0.383   0.170   0.634  -0.179   0.326  -0.536   0.087   0.367
  -0.166   0.213  -0.015   0.271  -0.179   1.018   0.473  -0.241  -0.483   0.114
  -0.024  -0.015   0.168  -0.067   0.326   0.473   0.754  -0.418  -0.086   0.487
  -0.206  -0.189   0.127  -0.550  -0.536  -0.241  -0.418   0.891   0.028  -0.279
  -0.057   0.309  -0.207   0.079   0.087  -0.483  -0.086   0.028   1.973  -0.852
   0.340  -0.140   0.340  -0.376   0.367   0.114   0.487  -0.279  -0.852   0.937
 ----------------------------------------
 dsygvic
  Info:           0
  Number of eigvals:           4
  Case number:           4
  Running time:   0.00000000     (seconds)
  dsygvic residual:   8.4882819731322329E-017
  dsygvic b-orthog:   1.9470641534761564E-016
 ----------------------------------------
 dsygv
  Info:          17
  Running time:   0.00000000     (seconds)
  dsygv residual:   9.1893658347268134E-002
  dsygv b-orthog:  0.88128693776015266     
 -----------eig dsygvic------------------
   -0.300000000000000088817841970013E+01
    0.249999999999999583666365765566E+00
    0.615384615384615529798395527905E+00
    0.400000000000000444089209850063E+01
 -----------eig dsygv--------------------
    0.000000000000000000000000000000E+00
    0.000000000000000000000000000000E+00
    0.000000000000000000000000000000E+00
    0.000000000000000000000000000000E+00
    0.000000000000000000000000000000E+00
    0.000000000000000000000000000000E+00
    0.000000000000000000000000000000E+00
    0.000000000000000000000000000000E+00
    0.000000000000000000000000000000E+00
    0.000000000000000000000000000000E+00
