  
 ========================================
 ==== Testing Dsygvic Against Dsygv =====
 ========================================
 H4                              
   2.521   0.901   0.041  -0.667   0.237  -0.138   0.141   0.888   0.479   0.052
   0.901   2.100  -0.258  -0.337  -0.685   0.960   0.002   0.800  -0.332   0.094
   0.041  -0.258   0.981  -1.844  -0.255  -1.005   1.691  -0.430   0.224   0.641
  -0.667  -0.337  -1.844   0.416   0.347  -0.655   0.704   0.165   0.279   0.959
   0.237  -0.685  -0.255   0.347   1.168  -1.659  -0.660   0.577  -0.782  -0.196
  -0.138   0.960  -1.005  -0.655  -1.659   0.822  -0.167  -0.528  -0.690   0.136
   0.141   0.002   1.691   0.704  -0.660  -0.167   1.293  -0.558  -0.397  -0.615
   0.888   0.800  -0.430   0.165   0.577  -0.528  -0.558  -0.650   1.018  -0.114
   0.479  -0.332   0.224   0.279  -0.782  -0.690  -0.397   1.018   1.011  -0.889
   0.052   0.094   0.641   0.959  -0.196   0.136  -0.615  -0.114  -0.889   0.338
 ----------------------------------------
 S4                              
   0.877   0.371   0.521  -0.151   0.288  -0.166  -0.024  -0.206  -0.057   0.340
   0.371   0.571  -0.225   0.092  -0.104   0.213  -0.015  -0.189   0.309  -0.140
   0.521  -0.225   1.424  -0.182   0.383  -0.015   0.168   0.127  -0.207   0.340
  -0.151   0.092  -0.182   0.923   0.170   0.271  -0.067  -0.550   0.079  -0.376
   0.288  -0.104   0.383   0.170   0.634  -0.179   0.326  -0.536   0.087   0.367
  -0.166   0.213  -0.015   0.271  -0.179   1.018   0.473  -0.241  -0.483   0.114
  -0.024  -0.015   0.168  -0.067   0.326   0.473   0.754  -0.418  -0.086   0.487
  -0.206  -0.189   0.127  -0.550  -0.536  -0.241  -0.418   0.891   0.028  -0.279
  -0.057   0.309  -0.207   0.079   0.087  -0.483  -0.086   0.028   1.973  -0.852
   0.340  -0.140   0.340  -0.376   0.367   0.114   0.487  -0.279  -0.852   0.937
 ----------------------------------------
 dsygvic
  Info:           0
  Number of eigvals:           6
  Case number:           3
  Running time:   0.00000000     (seconds)
  dsygvic residual:   8.2973072506179995E-017
  dsygvic b-orthog:   2.0162104894434473E-016
 ----------------------------------------
 dsygv
  Info:          17
  Running time:   0.00000000     (seconds)
  dsygv residual:   9.3353523409598640E-002
  dsygv b-orthog:  0.86695611378304915     
 -----------eig dsygvic------------------
   -0.428848664377605004460747295525E+01
   -0.299999999999999866773237044981E+01
   -0.159629120178362504667290977522E+01
    0.621819977109372312717994191189E+00
    0.109629120178362615689593440038E+01
    0.400000000000000088817841970013E+01
 -----------eig dsygv--------------------
    0.000000000000000000000000000000E+00
    0.000000000000000000000000000000E+00
    0.000000000000000000000000000000E+00
    0.000000000000000000000000000000E+00
    0.000000000000000000000000000000E+00
    0.000000000000000000000000000000E+00
    0.000000000000000000000000000000E+00
    0.000000000000000000000000000000E+00
    0.000000000000000000000000000000E+00
    0.000000000000000000000000000000E+00
