  
 ========================================
 ==== Testing Dsygvic Against Dsygv =====
 ========================================
 H2                              
   4.601   0.280   0.479  -1.016  -0.006  -0.880  -0.404   0.130   0.000  -0.112
   0.280   0.599  -0.317   0.756   0.501  -0.235  -0.845   0.609   0.000   0.047
   0.479  -0.317   3.270   0.074   0.880  -0.694  -0.180  -0.828   0.933   0.049
  -1.016   0.756   0.074   3.196   0.558  -0.529  -1.184  -0.776   0.049   0.179
  -0.006   0.501   0.880   0.558   0.833  -0.789  -0.128   0.332   0.120  -0.088
  -0.880  -0.235  -0.694  -0.529  -0.789   3.790   0.815  -1.216  -0.098   0.211
  -0.404  -0.845  -0.180  -1.184  -0.128   0.815   2.895  -1.042  -0.128   0.008
   0.130   0.609  -0.828  -0.776   0.332  -1.216  -1.042   1.816   0.070  -0.107
   0.280   0.479  -1.016  -0.006  -0.880  -0.404   0.130   0.000  -0.112  -0.277
   0.599  -0.317   0.756   0.501  -0.235  -0.845   0.609   0.000   0.047   0.067
 ----------------------------------------
 S2                              
   0.933   0.049   0.120  -0.098  -0.128   0.070  -0.112   0.047   0.000   0.000
   0.049   0.179  -0.088   0.211   0.008  -0.107  -0.277   0.067   0.000   0.000
   0.120  -0.088   0.725   0.090   0.163  -0.226   0.149  -0.263   0.000   0.000
  -0.098   0.211   0.090   0.521   0.071   0.057  -0.352  -0.235   0.000   0.000
  -0.128   0.008   0.163   0.071   0.075  -0.142   0.003  -0.037   0.000   0.000
   0.070  -0.107  -0.226   0.057  -0.142   0.711   0.086  -0.327   0.000   0.000
  -0.112  -0.277   0.149  -0.352   0.003   0.086   0.438  -0.060   0.000   0.000
   0.047   0.067  -0.263  -0.235  -0.037  -0.327  -0.060   0.418   0.000   0.000
   0.049   0.120  -0.098  -0.128   0.070  -0.112   0.047   0.000   0.000   0.000
   0.179  -0.088   0.211   0.008  -0.107  -0.277   0.067   0.000   0.000   0.000
 ----------------------------------------
 dsygvic
  Info:           0
  Number of eigvals:           2
  Case number:           4
  Running time:   0.00000000     (seconds)
  dsygvic residual:   1.1414323676935284E-016
  dsygvic b-orthog:   2.6927915330782558E-016
 ----------------------------------------
 dsygv
  Info:           0
  Running time:   0.00000000     (seconds)
  dsygv residual:   1.2443967124617370E-002
  dsygv b-orthog:   6.9251584947401686E-010
 -----------eig dsygvic------------------
    0.300000000000000133226762955019E+01
    0.399999999999999911182158029987E+01
 -----------eig dsygv--------------------
   -0.322926068504743836820125579834E+08
   -0.310721362711942009627819061279E+08
    0.295791887861076574495200475212E+01
    0.415052812444993701745943326387E+01
    0.310721420455868430435657501221E+08
    0.322926135742168761789798736572E+08
    0.100477374363052912500000000000E+16
    0.220209069882323350000000000000E+16
