  
 ========================================
 ==== Testing Dsygvic Against Dsygv =====
 ========================================
 H3                              
   2.137   1.282   0.210  -0.736   0.294  -0.230  -0.007   0.790   0.449   0.169
   1.282   1.601  -0.400  -0.363  -0.831   1.161  -0.034   0.719  -0.220   0.051
   0.210  -0.400   0.864  -1.800  -0.131  -0.907   1.723  -0.274   0.237   0.599
  -0.736  -0.363  -1.800   0.070   0.469  -0.548   0.540  -0.133   0.202   0.692
   0.294  -0.831  -0.131   0.469   0.535  -1.867  -0.527   0.288  -0.693  -0.036
  -0.230   1.161  -0.907  -0.548  -1.867   0.521   0.119  -0.542  -0.796   0.075
  -0.007  -0.034   1.723   0.540  -0.527   0.119   0.817  -0.704  -0.241  -0.384
   0.790   0.719  -0.274  -0.133   0.288  -0.542  -0.704  -1.180   1.012  -0.239
   0.449  -0.220   0.237   0.202  -0.693  -0.796  -0.241   1.012   0.870  -1.130
   0.169   0.051   0.599   0.692  -0.036   0.075  -0.384  -0.239  -1.130  -0.235
 ----------------------------------------
 S3                              
   0.877   0.371   0.521  -0.151   0.288  -0.166  -0.024  -0.206  -0.057   0.340
   0.371   0.571  -0.225   0.092  -0.104   0.213  -0.015  -0.189   0.309  -0.140
   0.521  -0.225   1.424  -0.182   0.383  -0.015   0.168   0.127  -0.207   0.340
  -0.151   0.092  -0.182   0.923   0.170   0.271  -0.067  -0.550   0.079  -0.376
   0.288  -0.104   0.383   0.170   0.634  -0.179   0.326  -0.536   0.087   0.367
  -0.166   0.213  -0.015   0.271  -0.179   1.018   0.473  -0.241  -0.483   0.114
  -0.024  -0.015   0.168  -0.067   0.326   0.473   0.754  -0.418  -0.086   0.487
  -0.206  -0.189   0.127  -0.550  -0.536  -0.241  -0.418   0.891   0.028  -0.279
  -0.057   0.309  -0.207   0.079   0.087  -0.483  -0.086   0.028   1.973  -0.852
   0.340  -0.140   0.340  -0.376   0.367   0.114   0.487  -0.279  -0.852   0.937
 ----------------------------------------
 dsygvic
  Info:           0
  Number of eigvals:           2
  Case number:           2
  Running time:   0.00000000     (seconds)
  dsygvic residual:   1.0448749267639925E-016
  dsygvic b-orthog:   8.1973714973695014E-017
 ----------------------------------------
 dsygv
  Info:           0
  Running time:   0.00000000     (seconds)
  dsygv residual:   9.7172923515616986E-011
  dsygv b-orthog:   5.0811853509286642E-010
 -----------eig dsygvic------------------
   -0.300000000000000177635683940025E+01
    0.400000000000000266453525910038E+01
 -----------eig dsygv--------------------
   -0.489956256920771300792694091797E+08
   -0.262354203280305750668048858643E+08
   -0.999350114793942496180534362793E+07
   -0.719218378289016149938106536865E+07
   -0.299999997896155523591232849867E+01
    0.399999999658167704197353486961E+01
    0.719218434844136238098144531250E+07
    0.999350202793760411441326141357E+07
    0.262354204708130136132240295410E+08
    0.489956267868674397468566894531E+08
