  
 ========================================
 ==== Testing Dsygvic Against Dsygv =====
 ========================================
 H1                              
   2.521   0.901   0.041  -0.667   0.237  -0.138   0.141   0.888   0.479   0.052
   0.901   2.100  -0.258  -0.337  -0.685   0.960   0.002   0.800  -0.332   0.094
   0.041  -0.258   0.981  -1.844  -0.255  -1.005   1.691  -0.430   0.224   0.641
  -0.667  -0.337  -1.844   0.416   0.347  -0.655   0.704   0.165   0.279   0.959
   0.237  -0.685  -0.255   0.347   1.168  -1.659  -0.660   0.577  -0.782  -0.196
  -0.138   0.960  -1.005  -0.655  -1.659   0.822  -0.167  -0.528  -0.690   0.136
   0.141   0.002   1.691   0.704  -0.660  -0.167   1.293  -0.558  -0.397  -0.615
   0.888   0.800  -0.430   0.165   0.577  -0.528  -0.558  -0.650   1.018  -0.114
   0.479  -0.332   0.224   0.279  -0.782  -0.690  -0.397   1.018   1.011  -0.889
   0.052   0.094   0.641   0.959  -0.196   0.136  -0.615  -0.114  -0.889   0.338
 ----------------------------------------
 S1                              
   1.565  -0.316   0.260  -0.099   0.081  -0.080   0.321  -0.168  -0.060   0.003
  -0.316   1.534  -0.016   0.334   0.232  -0.145   0.065   0.209   0.163   0.131
   0.260  -0.016   1.582  -0.193   0.228  -0.113   0.054  -0.038  -0.173   0.519
  -0.099   0.334  -0.193   1.875  -0.311  -0.206   0.487   0.162   0.228   0.334
   0.081   0.232   0.228  -0.311   1.845   0.182   0.049  -0.254  -0.188  -0.185
  -0.080  -0.145  -0.113  -0.206   0.182   1.565  -0.115  -0.534  -0.377  -0.020
   0.321   0.065   0.054   0.487   0.049  -0.115   1.762   0.112  -0.329   0.229
  -0.168   0.209  -0.038   0.162  -0.254  -0.534   0.112   1.875  -0.033  -0.001
  -0.060   0.163  -0.173   0.228  -0.188  -0.377  -0.329  -0.033   2.216  -0.400
   0.003   0.131   0.519   0.334  -0.185  -0.020   0.229  -0.001  -0.400   2.180
 ----------------------------------------
 dsygvic
  Info:           0
  Number of eigvals:          10
  Case number:           1
  Running time:   0.00000000     (seconds)
  dsygvic residual:   7.3187847115362607E-017
  dsygvic b-orthog:   2.3756096285204085E-016
 ----------------------------------------
 dsygv
  Info:           0
  Running time:   0.00000000     (seconds)
  dsygv residual:   5.4795542825327944E-017
  dsygv b-orthog:   2.4103123398486457E-016
 -----------eig dsygvic------------------
   -0.300000000000000000000000000000E+01
   -0.123281581181832877724957597820E+01
   -0.843696685340493357507796190475E+00
    0.314699865354822916341248628669E+00
    0.415958005029311517208867599038E+00
    0.636517270414276303824863134651E+00
    0.822569864193779642924653217051E+00
    0.172581288290472723012669575837E+01
    0.316095460926190696682169800624E+01
    0.400000000000000177635683940025E+01
 -----------eig dsygv--------------------
   -0.299999999999999866773237044981E+01
   -0.123281581181832988747260060336E+01
   -0.843696685340492358307074027834E+00
    0.314699865354822527763190009864E+00
    0.415958005029310906586204055202E+00
    0.636517270414276303824863134651E+00
    0.822569864193779975991560604598E+00
    0.172581288290472678603748590831E+01
    0.316095460926190563455406845605E+01
    0.400000000000000000000000000000E+01
  
 ========================================
 ==== Testing Dsygvic Against Dsygv =====
 ========================================
 H2                              
   4.601   0.280   0.479  -1.016  -0.006  -0.880  -0.404   0.130   0.000  -0.112
   0.280   0.599  -0.317   0.756   0.501  -0.235  -0.845   0.609   0.000   0.047
   0.479  -0.317   3.270   0.074   0.880  -0.694  -0.180  -0.828   0.933   0.049
  -1.016   0.756   0.074   3.196   0.558  -0.529  -1.184  -0.776   0.049   0.179
  -0.006   0.501   0.880   0.558   0.833  -0.789  -0.128   0.332   0.120  -0.088
  -0.880  -0.235  -0.694  -0.529  -0.789   3.790   0.815  -1.216  -0.098   0.211
  -0.404  -0.845  -0.180  -1.184  -0.128   0.815   2.895  -1.042  -0.128   0.008
   0.130   0.609  -0.828  -0.776   0.332  -1.216  -1.042   1.816   0.070  -0.107
   0.280   0.479  -1.016  -0.006  -0.880  -0.404   0.130   0.000  -0.112  -0.277
   0.599  -0.317   0.756   0.501  -0.235  -0.845   0.609   0.000   0.047   0.067
 ----------------------------------------
 S2                              
   0.933   0.049   0.120  -0.098  -0.128   0.070  -0.112   0.047   0.000   0.000
   0.049   0.179  -0.088   0.211   0.008  -0.107  -0.277   0.067   0.000   0.000
   0.120  -0.088   0.725   0.090   0.163  -0.226   0.149  -0.263   0.000   0.000
  -0.098   0.211   0.090   0.521   0.071   0.057  -0.352  -0.235   0.000   0.000
  -0.128   0.008   0.163   0.071   0.075  -0.142   0.003  -0.037   0.000   0.000
   0.070  -0.107  -0.226   0.057  -0.142   0.711   0.086  -0.327   0.000   0.000
  -0.112  -0.277   0.149  -0.352   0.003   0.086   0.438  -0.060   0.000   0.000
   0.047   0.067  -0.263  -0.235  -0.037  -0.327  -0.060   0.418   0.000   0.000
   0.049   0.120  -0.098  -0.128   0.070  -0.112   0.047   0.000   0.000   0.000
   0.179  -0.088   0.211   0.008  -0.107  -0.277   0.067   0.000   0.000   0.000
 ----------------------------------------
 dsygvic
  Info:           0
  Number of eigvals:           2
  Case number:           4
  Running time:   0.00000000     (seconds)
  dsygvic residual:   1.1414323676935284E-016
  dsygvic b-orthog:   2.6927915330782558E-016
 ----------------------------------------
 dsygv
  Info:           0
  Running time:   0.00000000     (seconds)
  dsygv residual:   1.2443967124617370E-002
  dsygv b-orthog:   6.9251584947401686E-010
 -----------eig dsygvic------------------
    0.300000000000000133226762955019E+01
    0.399999999999999911182158029987E+01
 -----------eig dsygv--------------------
   -0.322926068504743836820125579834E+08
   -0.310721362711942009627819061279E+08
    0.295791887861076574495200475212E+01
    0.415052812444993701745943326387E+01
    0.310721420455868430435657501221E+08
    0.322926135742168761789798736572E+08
    0.100477374363052912500000000000E+16
    0.220209069882323350000000000000E+16
  
 ========================================
 ==== Testing Dsygvic Against Dsygv =====
 ========================================
 H3                              
   2.137   1.282   0.210  -0.736   0.294  -0.230  -0.007   0.790   0.449   0.169
   1.282   1.601  -0.400  -0.363  -0.831   1.161  -0.034   0.719  -0.220   0.051
   0.210  -0.400   0.864  -1.800  -0.131  -0.907   1.723  -0.274   0.237   0.599
  -0.736  -0.363  -1.800   0.070   0.469  -0.548   0.540  -0.133   0.202   0.692
   0.294  -0.831  -0.131   0.469   0.535  -1.867  -0.527   0.288  -0.693  -0.036
  -0.230   1.161  -0.907  -0.548  -1.867   0.521   0.119  -0.542  -0.796   0.075
  -0.007  -0.034   1.723   0.540  -0.527   0.119   0.817  -0.704  -0.241  -0.384
   0.790   0.719  -0.274  -0.133   0.288  -0.542  -0.704  -1.180   1.012  -0.239
   0.449  -0.220   0.237   0.202  -0.693  -0.796  -0.241   1.012   0.870  -1.130
   0.169   0.051   0.599   0.692  -0.036   0.075  -0.384  -0.239  -1.130  -0.235
 ----------------------------------------
 S3                              
   0.877   0.371   0.521  -0.151   0.288  -0.166  -0.024  -0.206  -0.057   0.340
   0.371   0.571  -0.225   0.092  -0.104   0.213  -0.015  -0.189   0.309  -0.140
   0.521  -0.225   1.424  -0.182   0.383  -0.015   0.168   0.127  -0.207   0.340
  -0.151   0.092  -0.182   0.923   0.170   0.271  -0.067  -0.550   0.079  -0.376
   0.288  -0.104   0.383   0.170   0.634  -0.179   0.326  -0.536   0.087   0.367
  -0.166   0.213  -0.015   0.271  -0.179   1.018   0.473  -0.241  -0.483   0.114
  -0.024  -0.015   0.168  -0.067   0.326   0.473   0.754  -0.418  -0.086   0.487
  -0.206  -0.189   0.127  -0.550  -0.536  -0.241  -0.418   0.891   0.028  -0.279
  -0.057   0.309  -0.207   0.079   0.087  -0.483  -0.086   0.028   1.973  -0.852
   0.340  -0.140   0.340  -0.376   0.367   0.114   0.487  -0.279  -0.852   0.937
 ----------------------------------------
 dsygvic
  Info:           0
  Number of eigvals:           2
  Case number:           2
  Running time:   0.00000000     (seconds)
  dsygvic residual:   1.0448749267639925E-016
  dsygvic b-orthog:   8.1973714973695014E-017
 ----------------------------------------
 dsygv
  Info:           0
  Running time:   0.00000000     (seconds)
  dsygv residual:   9.7172923515616986E-011
  dsygv b-orthog:   5.0811853509286642E-010
 -----------eig dsygvic------------------
   -0.300000000000000177635683940025E+01
    0.400000000000000266453525910038E+01
 -----------eig dsygv--------------------
   -0.489956256920771300792694091797E+08
   -0.262354203280305750668048858643E+08
   -0.999350114793942496180534362793E+07
   -0.719218378289016149938106536865E+07
   -0.299999997896155523591232849867E+01
    0.399999999658167704197353486961E+01
    0.719218434844136238098144531250E+07
    0.999350202793760411441326141357E+07
    0.262354204708130136132240295410E+08
    0.489956267868674397468566894531E+08
  
 ========================================
 ==== Testing Dsygvic Against Dsygv =====
 ========================================
 H4                              
   2.521   0.901   0.041  -0.667   0.237  -0.138   0.141   0.888   0.479   0.052
   0.901   2.100  -0.258  -0.337  -0.685   0.960   0.002   0.800  -0.332   0.094
   0.041  -0.258   0.981  -1.844  -0.255  -1.005   1.691  -0.430   0.224   0.641
  -0.667  -0.337  -1.844   0.416   0.347  -0.655   0.704   0.165   0.279   0.959
   0.237  -0.685  -0.255   0.347   1.168  -1.659  -0.660   0.577  -0.782  -0.196
  -0.138   0.960  -1.005  -0.655  -1.659   0.822  -0.167  -0.528  -0.690   0.136
   0.141   0.002   1.691   0.704  -0.660  -0.167   1.293  -0.558  -0.397  -0.615
   0.888   0.800  -0.430   0.165   0.577  -0.528  -0.558  -0.650   1.018  -0.114
   0.479  -0.332   0.224   0.279  -0.782  -0.690  -0.397   1.018   1.011  -0.889
   0.052   0.094   0.641   0.959  -0.196   0.136  -0.615  -0.114  -0.889   0.338
 ----------------------------------------
 S4                              
   0.877   0.371   0.521  -0.151   0.288  -0.166  -0.024  -0.206  -0.057   0.340
   0.371   0.571  -0.225   0.092  -0.104   0.213  -0.015  -0.189   0.309  -0.140
   0.521  -0.225   1.424  -0.182   0.383  -0.015   0.168   0.127  -0.207   0.340
  -0.151   0.092  -0.182   0.923   0.170   0.271  -0.067  -0.550   0.079  -0.376
   0.288  -0.104   0.383   0.170   0.634  -0.179   0.326  -0.536   0.087   0.367
  -0.166   0.213  -0.015   0.271  -0.179   1.018   0.473  -0.241  -0.483   0.114
  -0.024  -0.015   0.168  -0.067   0.326   0.473   0.754  -0.418  -0.086   0.487
  -0.206  -0.189   0.127  -0.550  -0.536  -0.241  -0.418   0.891   0.028  -0.279
  -0.057   0.309  -0.207   0.079   0.087  -0.483  -0.086   0.028   1.973  -0.852
   0.340  -0.140   0.340  -0.376   0.367   0.114   0.487  -0.279  -0.852   0.937
 ----------------------------------------
 dsygvic
  Info:           0
  Number of eigvals:           6
  Case number:           3
  Running time:   0.00000000     (seconds)
  dsygvic residual:   8.2973072506179995E-017
  dsygvic b-orthog:   2.0162104894434473E-016
 ----------------------------------------
 dsygv
  Info:          17
  Running time:   0.00000000     (seconds)
  dsygv residual:   9.3353523409598640E-002
  dsygv b-orthog:  0.86695611378304915     
 -----------eig dsygvic------------------
   -0.428848664377605004460747295525E+01
   -0.299999999999999866773237044981E+01
   -0.159629120178362504667290977522E+01
    0.621819977109372312717994191189E+00
    0.109629120178362615689593440038E+01
    0.400000000000000088817841970013E+01
 -----------eig dsygv--------------------
    0.000000000000000000000000000000E+00
    0.000000000000000000000000000000E+00
    0.000000000000000000000000000000E+00
    0.000000000000000000000000000000E+00
    0.000000000000000000000000000000E+00
    0.000000000000000000000000000000E+00
    0.000000000000000000000000000000E+00
    0.000000000000000000000000000000E+00
    0.000000000000000000000000000000E+00
    0.000000000000000000000000000000E+00
  
 ========================================
 ==== Testing Dsygvic Against Dsygv =====
 ========================================
 H5                              
   2.248   1.088   0.206  -0.747   0.102  -0.193  -0.035   0.659   0.516   0.203
   1.088   1.955  -0.387  -0.265  -0.557   1.050   0.061   0.993  -0.320   0.055
   0.206  -0.387   0.866  -1.779  -0.138  -0.920   1.736  -0.257   0.238   0.615
  -0.747  -0.265  -1.779   0.374   0.270  -0.727   0.719   0.060   0.251   0.932
   0.102  -0.557  -0.138   0.270   1.021  -1.805  -0.606   0.384  -0.847  -0.270
  -0.193   1.050  -0.920  -0.727  -1.805   0.636   0.007  -0.691  -0.806  -0.055
  -0.035   0.061   1.736   0.719  -0.606   0.007   0.927  -0.566  -0.226  -0.251
   0.659   0.993  -0.257   0.060   0.384  -0.691  -0.566  -0.920   0.967  -0.134
   0.516  -0.320   0.238   0.251  -0.847  -0.806  -0.226   0.967   0.920  -1.065
   0.203   0.055   0.615   0.932  -0.270  -0.055  -0.251  -0.134  -1.065  -0.028
 ----------------------------------------
 S5                              
   0.877   0.371   0.521  -0.151   0.288  -0.166  -0.024  -0.206  -0.057   0.340
   0.371   0.571  -0.225   0.092  -0.104   0.213  -0.015  -0.189   0.309  -0.140
   0.521  -0.225   1.424  -0.182   0.383  -0.015   0.168   0.127  -0.207   0.340
  -0.151   0.092  -0.182   0.923   0.170   0.271  -0.067  -0.550   0.079  -0.376
   0.288  -0.104   0.383   0.170   0.634  -0.179   0.326  -0.536   0.087   0.367
  -0.166   0.213  -0.015   0.271  -0.179   1.018   0.473  -0.241  -0.483   0.114
  -0.024  -0.015   0.168  -0.067   0.326   0.473   0.754  -0.418  -0.086   0.487
  -0.206  -0.189   0.127  -0.550  -0.536  -0.241  -0.418   0.891   0.028  -0.279
  -0.057   0.309  -0.207   0.079   0.087  -0.483  -0.086   0.028   1.973  -0.852
   0.340  -0.140   0.340  -0.376   0.367   0.114   0.487  -0.279  -0.852   0.937
 ----------------------------------------
 dsygvic
  Info:           0
  Number of eigvals:           4
  Case number:           4
  Running time:   0.00000000     (seconds)
  dsygvic residual:   8.4882819731322329E-017
  dsygvic b-orthog:   1.9470641534761564E-016
 ----------------------------------------
 dsygv
  Info:          17
  Running time:   0.00000000     (seconds)
  dsygv residual:   9.1893658347268134E-002
  dsygv b-orthog:  0.88128693776015266     
 -----------eig dsygvic------------------
   -0.300000000000000088817841970013E+01
    0.249999999999999583666365765566E+00
    0.615384615384615529798395527905E+00
    0.400000000000000444089209850063E+01
 -----------eig dsygv--------------------
    0.000000000000000000000000000000E+00
    0.000000000000000000000000000000E+00
    0.000000000000000000000000000000E+00
    0.000000000000000000000000000000E+00
    0.000000000000000000000000000000E+00
    0.000000000000000000000000000000E+00
    0.000000000000000000000000000000E+00
    0.000000000000000000000000000000E+00
    0.000000000000000000000000000000E+00
    0.000000000000000000000000000000E+00
